[{"fx":1710.7957763671875,"fy":1713.7474365234375,"height":1919,"id":0,"img_name":"frame_0044.jpg","position":[0.010074715130031109,0.2674376368522644,-0.8972359895706177],"rotation":[[0.9999117255210876,0.006936624180525541,-0.011332972906529903],[-0.007030183915048838,0.999941349029541,-0.008236657828092575],[0.011275173164904118,0.00831560418009758,0.9999018311500549]],"width":1079},{"fx":1710.7957763671875,"fy":1713.7474365234375,"height":1919,"id":1,"img_name":"frame_0052.jpg","position":[-0.550063967704773,0.31058967113494873,-0.8347475528717041],"rotation":[[0.9324547648429871,0.004625717177987099,0.3612571060657501],[-0.004370176233351231,0.9999892711639404,-0.0015243326779454947],[-0.3612602651119232,-0.00015738565707579255,0.9324650168418884]],"width":1079},{"fx":1710.7957763671875,"fy":1713.7474365234375,"height":1919,"id":2,"img_name":"frame_0046.jpg","position":[-0.11309943348169327,0.2868371605873108,-0.9828513264656067],"rotation":[[0.9973813891410828,0.0040086242370307446,0.07221047580242157],[-0.0025403271429240704,0.9997884035110474,-0.020413953810930252],[-0.0722770243883133,0.02017705887556076,0.9971804618835449]],"width":1079},{"fx":1710.7957763671875,"fy":1713.7474365234375,"height":1919,"id":3,"img_name":"frame_0045.jpg","position":[-0.05756344273686409,0.29250088334083557,-0.9365304112434387],"rotation":[[0.9994233250617981,0.0061982604674994946,0.03338498994708061],[-0.00565557973459363,0.9998507499694824,-0.016325199976563454],[-0.03348119184374809,0.016126973554491997,0.999309241771698]],"width":1079},{"fx":1710.7957763671875,"fy":1713.7474365234375,"height":1919,"id":4,"img_name":"frame_0047.jpg","position":[-0.17278733849525452,0.2668636441230774,-0.9830417037010193],"rotation":[[0.9932799935340881,0.001487597357481718,0.11572679877281189],[0.0010533523745834827,0.9997597932815552,-0.02189219743013382],[-0.11573156714439392,0.02186698094010353,0.9930397868156433]],"width":1079},{"fx":1710.7957763671875,"fy":1713.7474365234375,"height":1919,"id":5,"img_name":"frame_0048.jpg","position":[-0.2471345067024231,0.2666020691394806,-0.9651954174041748],"rotation":[[0.9877352118492126,-0.0003109776880592108,0.1561381071805954],[0.00370939658023417,0.9997625350952148,-0.02147456258535385],[-0.15609435737133026,0.021790359169244766,0.9875017404556274]],"width":1079},{"fx":1710.7957763671875,"fy":1713.7474365234375,"height":1919,"id":6,"img_name":"frame_0043.jpg","position":[0.06477407366037369,0.2609190046787262,-0.89193195104599],"rotation":[[0.9972851872444153,0.0064630405977368355,-0.07335218042135239],[-0.006383400410413742,0.99997878074646,0.001320113893598318],[0.07335915416479111,-0.0008482937701046467,0.9973052144050598]],"width":1079},{"fx":1710.7957763671875,"fy":1713.7474365234375,"height":1919,"id":7,"img_name":"frame_0042.jpg","position":[0.13901019096374512,0.261309951543808,-0.8622239828109741],"rotation":[[0.9905147552490234,0.005330718122422695,-0.13730283081531525],[-0.0036759423092007637,0.9999175667762756,0.012302761897444725],[0.13735710084438324,-0.011681349948048592,0.9904527068138123]],"width":1079},{"fx":1710.7957763671875,"fy":1713.7474365234375,"height":1919,"id":8,"img_name":"frame_0041.jpg","position":[0.18526674807071686,0.2683483958244324,-0.8415701389312744],"rotation":[[0.9812049269676208,0.004156090319156647,-0.19292397797107697],[0.0005054814973846078,0.9997092485427856,0.024107228964567184],[0.19296808540821075,-0.023751650005578995,0.9809175133705139]],"width":1079},{"fx":1710.7957763671875,"fy":1713.7474365234375,"height":1919,"id":9,"img_name":"frame_0040.jpg","position":[0.24223096668720245,0.26337558031082153,-0.854751706123352],"rotation":[[0.9657227993011475,0.004307584371417761,-0.25953981280326843],[0.005142777692526579,0.999348521232605,0.03572198003530502],[0.2595246136188507,-0.03583228588104248,0.9650714993476868]],"width":1079},{"fx":1710.7957763671875,"fy":1713.7474365234375,"height":1919,"id":10,"img_name":"frame_0039.jpg","position":[0.2943412959575653,0.27612391114234924,-0.8454165458679199],"rotation":[[0.9422317743301392,0.008168840780854225,-0.3348620533943176],[0.00807478278875351,0.9988581538200378,0.04708753526210785],[0.3348643183708191,-0.04707130789756775,0.9410898685455322]],"width":1079},{"fx":1710.7957763671875,"fy":1713.7474365234375,"height":1919,"id":11,"img_name":"frame_0038.jpg","position":[0.3233826160430908,0.2771209478378296,-0.8434520363807678],"rotation":[[0.9135408997535706,0.011975444853305817,-0.40657058358192444],[0.01017068512737751,0.9985814094543457,0.05226593837141991],[0.40661975741386414,-0.051882173866033554,0.9121231436729431]],"width":1079},{"fx":1710.7957763671875,"fy":1713.7474365234375,"height":1919,"id":12,"img_name":"frame_0037.jpg","position":[0.40841639041900635,0.2770862579345703,-0.8216461539268494],"rotation":[[0.8817368149757385,0.015581103041768074,-0.4714842736721039],[0.009535135701298714,0.9986615777015686,0.05083463340997696],[0.4716452658176422,-0.04931843280792236,0.8804081082344055]],"width":1079},{"fx":1710.7957763671875,"fy":1713.7474365234375,"height":1919,"id":13,"img_name":"frame_0036.jpg","position":[0.5003901720046997,0.2723379135131836,-0.7426165342330933],"rotation":[[0.8342515230178833,0.01730271801352501,-0.5511125326156616],[0.01009198185056448,0.9988608956336975,0.046637047082185745],[0.5512917041778564,-0.044468846172094345,0.8331266641616821]],"width":1079},{"fx":1710.7957763671875,"fy":1713.7474365234375,"height":1919,"id":14,"img_name":"frame_0035.jpg","position":[0.5388380289077759,0.2775889039039612,-0.6739873290061951],"rotation":[[0.7766249775886536,0.019523413851857185,-0.6296606063842773],[0.008449995890259743,0.9991068840026855,0.04140080139040947],[0.6299065351486206,-0.03747352585196495,0.7757663726806641]],"width":1079},{"fx":1710.7957763671875,"fy":1713.7474365234375,"height":1919,"id":15,"img_name":"frame_0049.jpg","position":[-0.3453727066516876,0.270119309425354,-0.9321549534797668],"rotation":[[0.981218695640564,-0.002263752743601799,0.1928853839635849],[0.005823442712426186,0.9998229742050171,-0.017889995127916336],[-0.1928107589483261,0.018677253276109695,0.9810581803321838]],"width":1079},{"fx":1710.7957763671875,"fy":1713.7474365234375,"height":1919,"id":16,"img_name":"frame_0050.jpg","position":[-0.43427708745002747,0.2812323570251465,-0.9006869792938232],"rotation":[[0.9719359874725342,-0.0013480292400345206,0.23524151742458344],[0.004403808619827032,0.9999126195907593,-0.012465099804103374],[-0.23520414531230927,0.013151238672435284,0.9718570113182068]],"width":1079},{"fx":1710.7957763671875,"fy":1713.7474365234375,"height":1919,"id":17,"img_name":"frame_0034.jpg","position":[0.5741580724716187,0.27779078483581543,-0.6223822832107544],"rotation":[[0.7250831127166748,0.025517554953694344,-0.6881884336471558],[0.0008614566177129745,0.9992789030075073,0.03796021267771721],[0.6886608600616455,-0.02811715379357338,0.7245382070541382]],"width":1079},{"fx":1710.7957763671875,"fy":1713.7474365234375,"height":1919,"id":18,"img_name":"frame_0033.jpg","position":[0.6162593960762024,0.2832510769367218,-0.5826341509819031],"rotation":[[0.6706756353378296,0.03318655490875244,-0.7410080432891846],[-0.004764607176184654,0.9991707801818848,0.04043617099523544],[0.7417354583740234,-0.023588940501213074,0.6702775955200195]],"width":1079},{"fx":1710.7957763671875,"fy":1713.7474365234375,"height":1919,"id":19,"img_name":"frame_0032.jpg","position":[0.6576866507530212,0.29140856862068176,-0.5508341789245605],"rotation":[[0.6241750717163086,0.046032968908548355,-0.7799271941184998],[-0.016188643872737885,0.9988104104995728,0.04599616676568985],[0.781116783618927,-0.016083698719739914,0.6241778135299683]],"width":1079},{"fx":1710.7957763671875,"fy":1713.7474365234375,"height":1919,"id":20,"img_name":"frame_0031.jpg","position":[0.689329981803894,0.2717231214046478,-0.4868032932281494],"rotation":[[0.5623905062675476,0.08121789991855621,-0.8228734135627747],[-0.022736530750989914,0.9963070750236511,0.08279665559530258],[0.8265591263771057,-0.02785477042198181,0.5621602535247803]],"width":1079},{"fx":1710.7957763671875,"fy":1713.7474365234375,"height":1919,"id":21,"img_name":"frame_0030.jpg","position":[0.7270536422729492,0.2497931569814682,-0.44802939891815186],"rotation":[[0.5202734470367432,0.10974340885877609,-0.846919059753418],[-0.033588163554668427,0.9935710430145264,0.10811285674571991],[0.8533389568328857,-0.027801793068647385,0.520614743232727]],"width":1079},{"fx":1710.7957763671875,"fy":1713.7474365234375,"height":1919,"id":22,"img_name":"frame_0029.jpg","position":[0.7566327452659607,0.24750523269176483,-0.4341128170490265],"rotation":[[0.46791988611221313,0.1447291076183319,-0.871839702129364],[-0.044508449733257294,0.9891070127487183,0.14030811190605164],[0.8826493620872498,-0.026848725974559784,0.46926450729370117]],"width":1079},{"fx":1710.7957763671875,"fy":1713.7474365234375,"height":1919,"id":23,"img_name":"frame_0028.jpg","position":[0.7968063950538635,0.23135623335838318,-0.4043516218662262],"rotation":[[0.4070422649383545,0.17554208636283875,-0.8963825106620789],[-0.05669819563627243,0.9843223690986633,0.1670173555612564],[0.9116479754447937,-0.01715986430644989,0.4106137156486511]],"width":1079},{"fx":1710.7957763671875,"fy":1713.7474365234375,"height":1919,"id":24,"img_name":"frame_0026.jpg","position":[0.8367705941200256,0.20817328989505768,-0.3142778277397156],"rotation":[[0.23852485418319702,0.21976828575134277,-0.9459429383277893],[-0.0733984112739563,0.9753512144088745,0.2080928385257721],[0.9683588147163391,0.019795358180999756,0.2487761378288269]],"width":1079},{"fx":1710.7957763671875,"fy":1713.7474365234375,"height":1919,"id":25,"img_name":"frame_0027.jpg","position":[0.8136125206947327,0.21769294142723083,-0.35532423853874207],"rotation":[[0.3272961974143982,0.2019290030002594,-0.9230936765670776],[-0.06616649776697159,0.9793992042541504,0.19078567624092102],[0.9426023960113525,-0.00136556476354599,0.333914577960968]],"width":1079},{"fx":1710.7957763671875,"fy":1713.7474365234375,"height":1919,"id":26,"img_name":"frame_0025.jpg","position":[0.8581410050392151,0.19606857001781464,-0.275689035654068],"rotation":[[0.14688187837600708,0.22836652398109436,-0.9624316096305847],[-0.07962324470281601,0.9725567102432251,0.21861732006072998],[0.9859442114830017,0.04452098160982132,0.1610342264175415]],"width":1079},{"fx":1710.7957763671875,"fy":1713.7474365234375,"height":1919,"id":27,"img_name":"frame_0024.jpg","position":[0.8928740620613098,0.20198042690753937,-0.23680487275123596],"rotation":[[0.0720205307006836,0.23097366094589233,-0.9702907800674438],[-0.08667994290590286,0.9705858826637268,0.22461000084877014],[0.9936295747756958,0.06792821735143661,0.08992284536361694]],"width":1079},{"fx":1710.7957763671875,"fy":1713.7474365234375,"height":1919,"id":28,"img_name":"frame_0023.jpg","position":[0.8948714733123779,0.20770211517810822,-0.18605786561965942],"rotation":[[-0.0062444210052490234,0.2291572391986847,-0.9733695387840271],[-0.09110764414072037,0.9692095518112183,0.22876235842704773],[0.9958216547966003,0.09010984748601913,0.014825820922851563]],"width":1079},{"fx":1710.7957763671875,"fy":1713.7474365234375,"height":1919,"id":29,"img_name":"frame_0022.jpg","position":[0.891755223274231,0.21301761269569397,-0.12275297939777374],"rotation":[[-0.0783379077911377,0.22360415756702423,-0.9715268611907959],[-0.09411092102527618,0.9685109853744507,0.2304985672235489],[0.9924749135971069,0.10948805510997772,-0.05482757091522217]],"width":1079},{"fx":1710.7957763671875,"fy":1713.7474365234375,"height":1919,"id":30,"img_name":"frame_0021.jpg","position":[0.8702076077461243,0.21798036992549896,-0.047483183443546295],"rotation":[[-0.148362398147583,0.2159814089536667,-0.9650599360466003],[-0.095911905169487,0.9681167602539063,0.2314104288816452],[0.9842711091041565,0.1268933266401291,-0.12291693687438965]],"width":1079},{"fx":1710.7957763671875,"fy":1713.7474365234375,"height":1919,"id":31,"img_name":"frame_0020.jpg","position":[0.8409473896026611,0.21554085612297058,0.03065258078277111],"rotation":[[-0.22035181522369385,0.20690609514713287,-0.9532235264778137],[-0.09351907670497894,0.9682604670524597,0.23178833723068237],[0.9709270596504211,0.1402195692062378,-0.1940082311630249]],"width":1079},{"fx":1710.7957763671875,"fy":1713.7474365234375,"height":1919,"id":32,"img_name":"frame_0019.jpg","position":[0.814308762550354,0.24247489869594574,0.12776613235473633],"rotation":[[-0.30235910415649414,0.19723887741565704,-0.9325642585754395],[-0.08610580861568451,0.9687052369117737,0.23280027508735657],[0.9492971897125244,0.15068843960762024,-0.2759134769439697]],"width":1079},{"fx":1710.7957763671875,"fy":1713.7474365234375,"height":1919,"id":33,"img_name":"frame_0018.jpg","position":[0.7815526127815247,0.2476000189781189,0.20871007442474365],"rotation":[[-0.3730534315109253,0.18725690245628357,-0.9087166786193848],[-0.08043837547302246,0.9692057967185974,0.23274393379688263],[0.92431640625,0.15992160141468048,-0.3465029001235962]],"width":1079},{"fx":1710.7957763671875,"fy":1713.7474365234375,"height":1919,"id":34,"img_name":"frame_0017.jpg","position":[0.7715145349502563,0.24793456494808197,0.2522139847278595],"rotation":[[-0.4384491443634033,0.17755258083343506,-0.8810433745384216],[-0.07513853907585144,0.9696187973022461,0.23279528319835663],[0.8956095576286316,0.16826920211315155,-0.4117875099182129]],"width":1079},{"fx":1710.7957763671875,"fy":1713.7474365234375,"height":1919,"id":35,"img_name":"frame_0016.jpg","position":[0.7713930606842041,0.23280739784240723,0.3093130886554718],"rotation":[[-0.4991351366043091,0.1703016459941864,-0.8496243357658386],[-0.06949461251497269,0.9694713354110718,0.23515070974826813],[0.8637329936027527,0.1764162927865982,-0.4720621109008789]],"width":1079},{"fx":1710.7957763671875,"fy":1713.7474365234375,"height":1919,"id":36,"img_name":"frame_0012.jpg","position":[0.7706776857376099,0.14202344417572021,0.5323023796081543],"rotation":[[-0.6558847427368164,0.15760134160518646,-0.7382255792617798],[-0.05545642599463463,0.965259313583374,0.25534093379974365],[0.7528212070465088,0.20841357111930847,-0.6243588924407959]],"width":1079},{"fx":1710.7957763671875,"fy":1713.7474365234375,"height":1919,"id":37,"img_name":"frame_0011.jpg","position":[0.7470072507858276,0.13046948611736298,0.5610042214393616],"rotation":[[-0.6807585954666138,0.15752536058425903,-0.7153696417808533],[-0.05062951147556305,0.964148998260498,0.2604868710041046],[0.7307562232017517,0.2135474681854248,-0.6483772993087769]],"width":1079},{"fx":1710.7957763671875,"fy":1713.7474365234375,"height":1919,"id":38,"img_name":"frame_0010.jpg","position":[0.7251521944999695,0.11764399707317352,0.6025809049606323],"rotation":[[-0.7024290561676025,0.15629367530345917,-0.6943816542625427],[-0.04685180261731148,0.9633230566978455,0.2642226815223694],[0.7102101445198059,0.2181306928396225,-0.6693434715270996]],"width":1079},{"fx":1710.7957763671875,"fy":1713.7474365234375,"height":1919,"id":39,"img_name":"frame_0009.jpg","position":[0.6836929321289063,0.11230622977018356,0.6496021151542664],"rotation":[[-0.7200379371643066,0.15479686856269836,-0.6764491200447083],[-0.04252694547176361,0.963126540184021,0.265666663646698],[0.6926304697990417,0.22005736827850342,-0.6869045495986938]],"width":1079},{"fx":1710.7957763671875,"fy":1713.7474365234375,"height":1919,"id":40,"img_name":"frame_0008.jpg","position":[0.6538654565811157,0.10785253345966339,0.6824083924293518],"rotation":[[-0.7371718883514404,0.15276354551315308,-0.6582106947898865],[-0.03810766339302063,0.9631592631340027,0.26621800661087036],[0.6746301054954529,0.22133123874664307,-0.7041925191879272]],"width":1079},{"fx":1710.7957763671875,"fy":1713.7474365234375,"height":1919,"id":41,"img_name":"frame_0101.jpg","position":[0.6612450480461121,0.13019844889640808,0.5907555222511292],"rotation":[[-0.6783753633499146,0.3880457282066345,-0.6238808631896973],[0.1468372941017151,0.9036211967468262,0.4023773968219757],[0.7198927402496338,0.18135395646095276,-0.6699739694595337]],"width":1079},{"fx":1710.7957763671875,"fy":1713.7474365234375,"height":1919,"id":42,"img_name":"frame_0007.jpg","position":[0.6297063827514648,0.11263836175203323,0.7254281640052795],"rotation":[[-0.7520062923431396,0.15068435668945313,-0.641701340675354],[-0.034299787133932114,0.9632555246353149,0.2663874328136444],[0.6582628488540649,0.22233526408672333,-0.7192057371139526]],"width":1079},{"fx":1710.7957763671875,"fy":1713.7474365234375,"height":1919,"id":43,"img_name":"frame_0006.jpg","position":[0.6094234585762024,0.11113344877958298,0.7706557512283325],"rotation":[[-0.7663617134094238,0.14813557267189026,-0.6250964999198914],[-0.03148059546947479,0.9632211923599243,0.26685935258865356],[0.6416375041007996,0.22418920695781708,-0.7335125207901001]],"width":1079},{"fx":1710.7957763671875,"fy":1713.7474365234375,"height":1919,"id":44,"img_name":"frame_0005.jpg","position":[0.5766872763633728,0.10543852299451828,0.810728907585144],"rotation":[[-0.779735803604126,0.1456931233406067,-0.6089215874671936],[-0.029295306652784348,0.9629947543144226,0.26792335510253906],[0.6254228949546814,0.22674797475337982,-0.7466133832931519]],"width":1079},{"fx":1710.7957763671875,"fy":1713.7474365234375,"height":1919,"id":45,"img_name":"frame_0004.jpg","position":[0.5484960675239563,0.10161056369543076,0.8324318528175354],"rotation":[[-0.7918392419815063,0.14435099065303802,-0.5934252142906189],[-0.026730194687843323,0.9625434279441833,0.26980671286582947],[0.6101444363594055,0.22950589656829834,-0.7583211660385132]],"width":1079},{"fx":1710.7957763671875,"fy":1713.7474365234375,"height":1919,"id":46,"img_name":"frame_0003.jpg","position":[0.5361288189888,0.10976559668779373,0.8425459861755371],"rotation":[[-0.8023626804351807,0.14295023679733276,-0.5794649720191956],[-0.025400537997484207,0.961834728717804,0.2724495232105255],[0.5962962508201599,0.23332199454307556,-0.7681093215942383]],"width":1079},{"fx":1710.7957763671875,"fy":1713.7474365234375,"height":1919,"id":47,"img_name":"frame_0002.jpg","position":[0.5153519511222839,0.11324132978916168,0.8511854410171509],"rotation":[[-0.8113604784011841,0.14180514216423035,-0.5670850276947021],[-0.02457534521818161,0.960996150970459,0.27546775341033936],[0.5840293169021606,0.23743994534015656,-0.7762293815612793]],"width":1079},{"fx":1710.7957763671875,"fy":1713.7474365234375,"height":1919,"id":48,"img_name":"frame_0001.jpg","position":[0.5027168989181519,0.11885786056518555,0.8544291257858276],"rotation":[[-0.8177933692932129,0.14066442847251892,-0.5580571293830872],[-0.02448977902531624,0.960286557674408,0.2779388129711151],[0.5749908089637756,0.2409631907939911,-0.7818711996078491]],"width":1079},{"fx":1710.7957763671875,"fy":1713.7474365234375,"height":1919,"id":49,"img_name":"frame_0102.jpg","position":[0.6535516977310181,0.09957736730575562,0.5365456938743591],"rotation":[[-0.6339083909988403,0.43950891494750977,-0.6363897919654846],[0.15625937283039093,0.878650963306427,0.45117124915122986],[0.7574582695960999,0.18655940890312195,-0.6256616115570068]],"width":1079},{"fx":1710.7957763671875,"fy":1713.7474365234375,"height":1919,"id":50,"img_name":"frame_0103.jpg","position":[0.6242666840553284,0.06291911005973816,0.48182612657546997],"rotation":[[-0.5912894010543823,0.487862765789032,-0.642158031463623],[0.16523534059524536,0.8526637554168701,0.49564284086227417],[0.7893505096435547,0.1869611144065857,-0.5847831964492798]],"width":1079},{"fx":1710.7957763671875,"fy":1713.7474365234375,"height":1919,"id":51,"img_name":"frame_0100.jpg","position":[0.6339633464813232,0.15730419754981995,0.6436672806739807],"rotation":[[-0.7208009958267212,0.34436601400375366,-0.6015464067459106],[0.13475719094276428,0.9209165573120117,0.3657228350639343],[0.679916501045227,0.18255066871643066,-0.7102032899856567]],"width":1079},{"fx":1710.7957763671875,"fy":1713.7474365234375,"height":1919,"id":52,"img_name":"frame_0104.jpg","position":[0.595552921295166,0.013058427721261978,0.4321526288986206],"rotation":[[-0.5424485206604004,0.5370563268661499,-0.646003246307373],[0.16889680922031403,0.8229875564575195,0.5423701405525208],[0.822935938835144,0.18509995937347412,-0.5371356010437012]],"width":1079},{"fx":1710.7957763671875,"fy":1713.7474365234375,"height":1919,"id":53,"img_name":"frame_0098.jpg","position":[0.5418875217437744,0.23654957115650177,0.6716288328170776],"rotation":[[-0.8117178678512573,0.2697373926639557,-0.5180307030677795],[0.11338406056165695,0.9428666234016418,0.3132835626602173],[0.5729381442070007,0.1955614537000656,-0.7959256172180176]],"width":1079},{"fx":1710.7957763671875,"fy":1713.7474365234375,"height":1919,"id":54,"img_name":"frame_0099.jpg","position":[0.5931747555732727,0.21817290782928467,0.6666211485862732],"rotation":[[-0.7655900716781616,0.3051239252090454,-0.5663667917251587],[0.1235836073756218,0.9337261915206909,0.3359798491001129],[0.6313470602035522,0.187229186296463,-0.7525599002838135]],"width":1079},{"fx":1710.7957763671875,"fy":1713.7474365234375,"height":1919,"id":55,"img_name":"frame_0097.jpg","position":[0.49152490496635437,0.23267513513565063,0.7273049354553223],"rotation":[[-0.8518244028091431,0.24053360521793365,-0.46533721685409546],[0.1048097163438797,0.9486393332481384,0.29849353432655334],[0.5132349133491516,0.20549222826957703,-0.8332843780517578]],"width":1079},{"fx":1710.7957763671875,"fy":1713.7474365234375,"height":1919,"id":56,"img_name":"frame_0015.jpg","position":[0.7598850727081299,0.20722705125808716,0.3908340334892273],"rotation":[[-0.548862099647522,0.16434910893440247,-0.8195972442626953],[-0.06620180606842041,0.9688556790351868,0.2386125773191452],[0.833287239074707,0.18522422015666962,-0.5208879709243774]],"width":1079},{"fx":1710.7957763671875,"fy":1713.7474365234375,"height":1919,"id":57,"img_name":"frame_0096.jpg","position":[0.4299776256084442,0.22759895026683807,0.8019199371337891],"rotation":[[-0.8918615579605103,0.2135016918182373,-0.39874839782714844],[0.10068468004465103,0.9531763195991516,0.28516221046447754],[0.440960168838501,0.21417731046676636,-0.8715976476669312]],"width":1079},{"fx":1710.7957763671875,"fy":1713.7474365234375,"height":1919,"id":58,"img_name":"frame_0013.jpg","position":[0.783931314945221,0.15327033400535583,0.5120959281921387],"rotation":[[-0.6264371871948242,0.15703783929347992,-0.7634891271591187],[-0.05947108566761017,0.9670110940933228,0.24769476056098938],[0.7771998643875122,0.2005707323551178,-0.5964325666427612]],"width":1079},{"fx":1710.7957763671875,"fy":1713.7474365234375,"height":1919,"id":59,"img_name":"frame_0014.jpg","position":[0.7698730230331421,0.18593797087669373,0.4694506525993347],"rotation":[[-0.5894486904144287,0.1588759571313858,-0.7920282483100891],[-0.06399120390415192,0.9682038426399231,0.24183966219425201],[0.8052672743797302,0.1932349056005478,-0.5605398416519165]],"width":1079},{"fx":1710.7957763671875,"fy":1713.7474365234375,"height":1919,"id":60,"img_name":"frame_0095.jpg","position":[0.34700432419776917,0.20793448388576508,0.8585973381996155],"rotation":[[-0.927009105682373,0.1877344697713852,-0.32466933131217957],[0.09954799711704254,0.9578118324279785,0.26960480213165283],[0.36158624291419983,0.21760588884353638,-0.9065887928009033]],"width":1079},{"fx":1710.7957763671875,"fy":1713.7474365234375,"height":1919,"id":61,"img_name":"frame_0094.jpg","position":[0.2745771110057831,0.21008169651031494,0.8657023310661316],"rotation":[[-0.9523723125457764,0.1658305823802948,-0.2559051215648651],[0.09795007109642029,0.9610931873321533,0.25827428698539734],[0.2887784540653229,0.2209073305130005,-0.9315617084503174]],"width":1079},{"fx":1710.7957763671875,"fy":1713.7474365234375,"height":1919,"id":62,"img_name":"frame_0093.jpg","position":[0.22069992125034332,0.23803478479385376,0.847442626953125],"rotation":[[-0.9742556810379028,0.14560548961162567,-0.17211903631687164],[0.10040126740932465,0.9637943506240845,0.247022345662117],[0.20185516774654388,0.22338195145130157,-0.9536011219024658]],"width":1079},{"fx":1710.7957763671875,"fy":1713.7474365234375,"height":1919,"id":63,"img_name":"frame_0092.jpg","position":[0.16824670135974884,0.2601875364780426,0.8108935356140137],"rotation":[[-0.9878826141357422,0.12848711013793945,-0.08705746382474899],[0.10478284955024719,0.9659405946731567,0.23659949004650116],[0.11449231952428818,0.22461040318012238,-0.9676991701126099]],"width":1079},{"fx":1710.7957763671875,"fy":1713.7474365234375,"height":1919,"id":64,"img_name":"frame_0091.jpg","position":[0.10905139893293381,0.278358519077301,0.7898417115211487],"rotation":[[-0.9936716556549072,0.11214198917150497,0.006416129879653454],[0.11066987365484238,0.9676568508148193,0.2266988754272461],[0.019213847815990448,0.22597429156303406,-0.9739439487457275]],"width":1079},{"fx":1710.7957763671875,"fy":1713.7474365234375,"height":1919,"id":65,"img_name":"frame_0090.jpg","position":[0.051147401332855225,0.28432491421699524,0.7924633622169495],"rotation":[[-0.9888017177581787,0.09624981135129929,0.11404947936534882],[0.11937545984983444,0.9687509536743164,0.21741925179958344],[-0.08955897390842438,0.22859923541545868,-0.9693925380706787]],"width":1079},{"fx":1710.7957763671875,"fy":1713.7474365234375,"height":1919,"id":66,"img_name":"frame_0089.jpg","position":[-0.02880820631980896,0.27793559432029724,0.8001304864883423],"rotation":[[-0.973981499671936,0.07935547828674316,0.21227994561195374],[0.12470221519470215,0.9697975516319275,0.20962364971637726],[-0.18923377990722656,0.23064132034778595,-0.954460620880127]],"width":1079},{"fx":1710.7957763671875,"fy":1713.7474365234375,"height":1919,"id":67,"img_name":"frame_0088.jpg","position":[-0.12168989330530167,0.27441859245300293,0.8105980157852173],"rotation":[[-0.9525102376937866,0.062091004103422165,0.29810890555381775],[0.1268838495016098,0.9708815813064575,0.20319807529449463],[-0.2768116891384125,0.23137345910072327,-0.9326529502868652]],"width":1079},{"fx":1710.7957763671875,"fy":1713.7474365234375,"height":1919,"id":68,"img_name":"frame_0087.jpg","position":[-0.20349611341953278,0.27408239245414734,0.8243754506111145],"rotation":[[-0.9240756034851074,0.04255726933479309,0.37983325123786926],[0.12576907873153687,0.9722951650619507,0.19703885912895203],[-0.3609245717525482,0.22985005378723145,-0.9038265943527222]],"width":1079},{"fx":1710.7957763671875,"fy":1713.7474365234375,"height":1919,"id":69,"img_name":"frame_0086.jpg","position":[-0.2678576707839966,0.26931536197662354,0.8255759477615356],"rotation":[[-0.8932769298553467,0.023630671203136444,0.44888511300086975],[0.12167418748140335,0.9740484356880188,0.19085359573364258],[-0.43272581696510315,0.22510284185409546,-0.8729702234268188]],"width":1079},{"fx":1710.7957763671875,"fy":1713.7474365234375,"height":1919,"id":70,"img_name":"frame_0085.jpg","position":[-0.3115311563014984,0.28008630871772766,0.8057774901390076],"rotation":[[-0.8552361726760864,0.0029796697199344635,0.518230140209198],[0.11567392945289612,0.9758527874946594,0.1852860450744629],[-0.5051642060279846,0.21840903162956238,-0.8349292278289795]],"width":1079},{"fx":1710.7957763671875,"fy":1713.7474365234375,"height":1919,"id":71,"img_name":"frame_0084.jpg","position":[-0.36317214369773865,0.27722233533859253,0.7801563739776611],"rotation":[[-0.8213589191436768,-0.016494356095790863,0.5701732635498047],[0.10554002970457077,0.9779285192489624,0.18032506108283997],[-0.5605630874633789,0.20828768610954285,-0.8014894723892212]],"width":1079},{"fx":1710.7957763671875,"fy":1713.7474365234375,"height":1919,"id":72,"img_name":"frame_0083.jpg","position":[-0.42874962091445923,0.28895437717437744,0.7527579069137573],"rotation":[[-0.7887948751449585,-0.033203594386577606,0.6137593388557434],[0.09492174535989761,0.9799807071685791,0.17500779032707214],[-0.6072831749916077,0.1963043212890625,-0.7698520421981812]],"width":1079},{"fx":1710.7957763671875,"fy":1713.7474365234375,"height":1919,"id":73,"img_name":"frame_0082.jpg","position":[-0.4853372871875763,0.272700697183609,0.7079466581344604],"rotation":[[-0.7383991479873657,-0.046685874462127686,0.6727458834648132],[0.09074938297271729,0.9816474914550781,0.1677280217409134],[-0.668229877948761,0.18490152060985565,-0.7206109762191772]],"width":1079},{"fx":1710.7957763671875,"fy":1713.7474365234375,"height":1919,"id":74,"img_name":"frame_0081.jpg","position":[-0.5300106406211853,0.26850759983062744,0.6586501002311707],"rotation":[[-0.6941196918487549,-0.05538106709718704,0.7177264094352722],[0.08684948831796646,0.9833105802536011,0.15986694395542145],[-0.7146015763282776,0.17330093681812286,-0.6777254343032837]],"width":1079},{"fx":1710.7957763671875,"fy":1713.7474365234375,"height":1919,"id":75,"img_name":"frame_0080.jpg","position":[-0.6005404591560364,0.261420339345932,0.6175161004066467],"rotation":[[-0.6573383808135986,-0.05904320999979973,0.7512791156768799],[0.08275684714317322,0.9852408766746521,0.14983916282653809],[-0.7490378618240356,0.1606685221195221,-0.6427503824234009]],"width":1079},{"fx":1710.7957763671875,"fy":1713.7474365234375,"height":1919,"id":76,"img_name":"frame_0079.jpg","position":[-0.6819958090782166,0.25122570991516113,0.566066324710846],"rotation":[[-0.6244337558746338,-0.055686645209789276,0.7790903449058533],[0.08037429302930832,0.9875792860984802,0.13500796258449554],[-0.7769315838813782,0.14692233502864838,-0.6122020483016968]],"width":1079},{"fx":1710.7957763671875,"fy":1713.7474365234375,"height":1919,"id":77,"img_name":"frame_0078.jpg","position":[-0.7467736005783081,0.25177451968193054,0.5185967683792114],"rotation":[[-0.604846715927124,-0.04695083200931549,0.7949568629264832],[0.07666618376970291,0.9901903867721558,0.11681331694126129],[-0.792643129825592,0.13160043954849243,-0.5953139066696167]],"width":1079},{"fx":1710.7957763671875,"fy":1713.7474365234375,"height":1919,"id":78,"img_name":"frame_0077.jpg","position":[-0.7607192993164063,0.27833059430122375,0.46970847249031067],"rotation":[[-0.5941493511199951,-0.0318690724670887,0.803723156452179],[0.071626216173172,0.9931489825248718,0.09232956916093826],[-0.8011593222618103,0.11242520064115524,-0.5877962112426758]],"width":1079},{"fx":1710.7957763671875,"fy":1713.7474365234375,"height":1919,"id":79,"img_name":"frame_0076.jpg","position":[-0.7537856698036194,0.30279219150543213,0.44456470012664795],"rotation":[[-0.5882152318954468,-0.014100667089223862,0.8085814714431763],[0.06359158456325531,0.9959455132484436,0.06362876296043396],[-0.8062002658843994,0.08884638547897339,-0.5849336385726929]],"width":1079},{"fx":1710.7957763671875,"fy":1713.7474365234375,"height":1919,"id":80,"img_name":"frame_0075.jpg","position":[-0.7566837072372437,0.3001331388950348,0.409575492143631],"rotation":[[-0.5884329080581665,0.004898304119706154,0.8085313439369202],[0.052776798605918884,0.9980818033218384,0.03236323967576027],[-0.806821882724762,0.06171528622508049,-0.5875626802444458]],"width":1079},{"fx":1710.7957763671875,"fy":1713.7474365234375,"height":1919,"id":81,"img_name":"frame_0074.jpg","position":[-0.7853004336357117,0.3121825158596039,0.3894338011741638],"rotation":[[-0.5928828716278076,0.03211415559053421,0.8046480417251587],[0.04254642874002457,0.9990581274032593,-0.008524050004780293],[-0.804163932800293,0.029181137681007385,-0.5936907529830933]],"width":1079},{"fx":1710.7957763671875,"fy":1713.7474365234375,"height":1919,"id":82,"img_name":"frame_0073.jpg","position":[-0.7964474558830261,0.32405853271484375,0.3566603362560272],"rotation":[[-0.5782593488693237,0.04402405023574829,0.814664363861084],[0.0371716171503067,0.9989277720451355,-0.02759665809571743],[-0.8150057792663574,0.014324365183711052,-0.5792757272720337]],"width":1079},{"fx":1710.7957763671875,"fy":1713.7474365234375,"height":1919,"id":83,"img_name":"frame_0072.jpg","position":[-0.8017941117286682,0.31066086888313293,0.32113346457481384],"rotation":[[-0.532098650932312,0.046924300491809845,0.8453812599182129],[0.03367844223976135,0.9988458752632141,-0.034244783222675323],[-0.8460124731063843,0.010249519720673561,-0.5330648422241211]],"width":1079},{"fx":1710.7957763671875,"fy":1713.7474365234375,"height":1919,"id":84,"img_name":"frame_0071.jpg","position":[-0.8423692584037781,0.30766531825065613,0.2806416451931],"rotation":[[-0.4735538959503174,0.046481478959321976,0.8795375227928162],[0.028095733374357224,0.9988954663276672,-0.03766217455267906],[-0.8803166747093201,0.0068761855363845825,-0.47433674335479736]],"width":1079},{"fx":1710.7957763671875,"fy":1713.7474365234375,"height":1919,"id":85,"img_name":"frame_0070.jpg","position":[-0.886691153049469,0.30732983350753784,0.21942494809627533],"rotation":[[-0.408374547958374,0.045901816338300705,0.9116596579551697],[0.022001225501298904,0.9989396929740906,-0.04044097661972046],[-0.9125493168830872,0.003542564809322357,-0.40895140171051025]],"width":1079},{"fx":1710.7957763671875,"fy":1713.7474365234375,"height":1919,"id":86,"img_name":"frame_0069.jpg","position":[-0.933742105960846,0.31788620352745056,0.15095558762550354],"rotation":[[-0.3241351842880249,0.04447011649608612,0.9449650645256042],[0.015405787155032158,0.9990102052688599,-0.04172910004854202],[-0.9458853602409363,0.0010320618748664856,-0.32449936866760254]],"width":1079},{"fx":1710.7957763671875,"fy":1713.7474365234375,"height":1919,"id":87,"img_name":"frame_0068.jpg","position":[-0.958149254322052,0.30811527371406555,0.07922577112913132],"rotation":[[-0.2334655523300171,0.0409197136759758,0.9715036749839783],[0.00687912292778492,0.9991586208343506,-0.040431391447782516],[-0.9723407626152039,-0.00275624543428421,-0.23355066776275635]],"width":1079},{"fx":1710.7957763671875,"fy":1713.7474365234375,"height":1919,"id":88,"img_name":"frame_0067.jpg","position":[-0.9590148329734802,0.31461867690086365,0.0239050704985857],"rotation":[[-0.12801051139831543,0.037343546748161316,0.991069495677948],[-0.0015779770910739899,0.9992819428443909,-0.0378568097949028],[-0.9917715191841125,-0.006409954279661179,-0.12785959243774414]],"width":1079},{"fx":1710.7957763671875,"fy":1713.7474365234375,"height":1919,"id":89,"img_name":"frame_0066.jpg","position":[-0.9588143825531006,0.3210943043231964,-0.03740566596388817],"rotation":[[-0.02142798900604248,0.03351116180419922,0.9992085695266724],[-0.00996948778629303,0.9993812441825867,-0.03373074531555176],[-0.9997206926345825,-0.010684378445148468,-0.021080613136291504]],"width":1079},{"fx":1710.7957763671875,"fy":1713.7474365234375,"height":1919,"id":90,"img_name":"frame_0105.jpg","position":[0.6017828583717346,-0.03241157904267311,0.35568496584892273],"rotation":[[-0.4938589334487915,0.5820263624191284,-0.6460253000259399],[0.17347754538059235,0.7939622402191162,0.5826916098594666],[0.8520615100860596,0.17569661140441895,-0.49307382106781006]],"width":1079},{"fx":1710.7957763671875,"fy":1713.7474365234375,"height":1919,"id":91,"img_name":"frame_0106.jpg","position":[0.5999777913093567,-0.06838074326515198,0.27487924695014954],"rotation":[[-0.43500447273254395,0.621963381767273,-0.6511011123657227],[0.1705988645553589,0.7669339179992676,0.6186343431472778],[0.8841193914413452,0.15803158283233643,-0.4397258758544922]],"width":1079},{"fx":1710.7957763671875,"fy":1713.7474365234375,"height":1919,"id":92,"img_name":"frame_0107.jpg","position":[0.5810072422027588,-0.08281397819519043,0.20875811576843262],"rotation":[[-0.3757812976837158,0.6573222875595093,-0.6532350182533264],[0.1701824814081192,0.7418588399887085,0.6486011743545532],[0.9109480977058411,0.13256296515464783,-0.390641450881958]],"width":1079},{"fx":1710.7957763671875,"fy":1713.7474365234375,"height":1919,"id":93,"img_name":"frame_0108.jpg","position":[0.5924150943756104,-0.10792198777198792,0.17482055723667145],"rotation":[[-0.3068495988845825,0.6780942678451538,-0.6678558588027954],[0.16459441184997559,0.7289423942565918,0.6644935011863708],[0.93741774559021,0.09397423267364502,-0.3352862596511841]],"width":1079},{"fx":1710.7957763671875,"fy":1713.7474365234375,"height":1919,"id":94,"img_name":"frame_0109.jpg","position":[0.6690571308135986,-0.11787723004817963,0.13300278782844543],"rotation":[[-0.24010062217712402,0.6867921352386475,-0.686052680015564],[0.16808384656906128,0.7254636883735657,0.6674206256866455],[0.9560855627059937,0.044933706521987915,-0.2896230220794678]],"width":1079},{"fx":1710.7957763671875,"fy":1713.7474365234375,"height":1919,"id":95,"img_name":"frame_0110.jpg","position":[0.7394418120384216,-0.11359063535928726,0.07039164006710052],"rotation":[[-0.16446375846862793,0.6856132745742798,-0.7091448903083801],[0.1671314537525177,0.7279084920883179,0.6649935245513916],[0.9721209406852722,-0.009153217077255249,-0.23430216312408447]],"width":1079},{"fx":1710.7957763671875,"fy":1713.7474365234375,"height":1919,"id":96,"img_name":"frame_0111.jpg","position":[0.7614585757255554,-0.12182600051164627,0.0025902593042701483],"rotation":[[-0.08359742164611816,0.6723802089691162,-0.7354703545570374],[0.16478368639945984,0.737220287322998,0.655250072479248],[0.9827808737754822,-0.06641644239425659,-0.17242693901062012]],"width":1079},{"fx":1710.7957763671875,"fy":1713.7474365234375,"height":1919,"id":97,"img_name":"frame_0112.jpg","position":[0.7527751922607422,-0.12033763527870178,-0.0655861645936966],"rotation":[[-0.00027549266815185547,0.6607893705368042,-0.7505713105201721],[0.16375978291034698,0.7404686212539673,0.6518350839614868],[0.9865002036094666,-0.12273386120796204,-0.1084146499633789]],"width":1079},{"fx":1710.7957763671875,"fy":1713.7474365234375,"height":1919,"id":98,"img_name":"frame_0113.jpg","position":[0.721905529499054,-0.13401390612125397,-0.1361953765153885],"rotation":[[0.09013259410858154,0.6441713571548462,-0.7595521211624146],[0.16014155745506287,0.7433582544326782,0.6494406461715698],[0.9829703569412231,-0.1801716387271881,-0.036157846450805664]],"width":1079},{"fx":1710.7957763671875,"fy":1713.7474365234375,"height":1919,"id":99,"img_name":"frame_0114.jpg","position":[0.6698563694953918,-0.14412009716033936,-0.2017349749803543],"rotation":[[0.1799454689025879,0.6231589317321777,-0.7611126899719238],[0.16241434216499329,0.7443016767501831,0.6477935910224915],[0.9701758623123169,-0.24018315970897675,0.03272378444671631]],"width":1079},{"fx":1710.7957763671875,"fy":1713.7474365234375,"height":1919,"id":100,"img_name":"frame_0115.jpg","position":[0.6080375909805298,-0.1468576043844223,-0.24434997141361237],"rotation":[[0.27921950817108154,0.5952721834182739,-0.7534504532814026],[0.16191700100898743,0.7442344427108765,0.6479953527450562],[0.9464773535728455,-0.3029294013977051,0.11142009496688843]],"width":1079},{"fx":1710.7957763671875,"fy":1713.7474365234375,"height":1919,"id":101,"img_name":"frame_0116.jpg","position":[0.5783066749572754,-0.15246683359146118,-0.304033488035202],"rotation":[[0.3815126419067383,0.5582582354545593,-0.7367467880249023],[0.15981285274028778,0.7451935410499573,0.6474151611328125],[0.9104437828063965,-0.36473867297172546,0.19508391618728638]],"width":1079},{"fx":1710.7957763671875,"fy":1713.7474365234375,"height":1919,"id":102,"img_name":"frame_0117.jpg","position":[0.5784843564033508,-0.1493932455778122,-0.40173083543777466],"rotation":[[0.4772605299949646,0.5130687952041626,-0.7134302854537964],[0.1631472110748291,0.7460111379623413,0.6456395387649536],[0.8634843826293945,-0.4245324432849884,0.272335946559906]],"width":1079},{"fx":1710.7957763671875,"fy":1713.7474365234375,"height":1919,"id":103,"img_name":"frame_0118.jpg","position":[0.5666509866714478,-0.17216673493385315,-0.49057286977767944],"rotation":[[0.566340982913971,0.45990777015686035,-0.6839171648025513],[0.16887617111206055,0.7474608421325684,0.6424820423126221],[0.8066837787628174,-0.4793612062931061,0.34565019607543945]],"width":1079},{"fx":1710.7957763671875,"fy":1713.7474365234375,"height":1919,"id":104,"img_name":"frame_0119.jpg","position":[0.5115898847579956,-0.1736680567264557,-0.553295373916626],"rotation":[[0.650306761264801,0.39906057715415955,-0.646